[data=broker::data{(BloomFilterVal, (
    (F, 7), (
        (1, 24, 18276660357973039508, 412622577263903062),
        (16773853,
        262092,
        549755813888,
        288230376151711744,
        268435456,
        2,
        1048576,
        549755813888,
        512,
        70368744177664,
        2,
        34359738368,
        18014398509481984,
        134217728,
        70368744177664,
        65536,
        34359738368,
        256,
        4398046511104,
        2305843009213693952,
        65536,
        9007199254740992,
        8388608,
        4398046511104,
        2305843009213693952,
        17179869184,
        0))))}]
