[data=broker::data{(BloomFilterVal, (
    (F, 7), (
        (1, 24, 8122955588268661098, 9492680716791582272),
        (16773853,
        262092,
        70368744177664,
        268435456,
        8192,
        4096,
        512,
        288230376151711744,
        8796093022208,
        144115188075855872,
        549755813888,
        16777216,
        8388608,
        32,
        18014398509481984,
        1125899906842624,
        34359738368,
        1048576,
        17179869184,
        65536,
        2,
        1,
        70368744177664,
        2147483648,
        134217728,
        4096,
        0))))}]
