[data=broker::data{(BloomFilterVal, (
    (F, 7), (
        (1, 24, 17211691370114488175, 18023752839280664228),
        (16773853,
        262092,
        32768,
        72057594037927936,
        2,
        1048576,
        536870912,
        281474976710656,
        144115188075855872,
        4096,
        2097152,
        1099511627776,
        67108864,
        18014398509481984,
        262144,
        70368744177664,
        1024,
        2251799813685248,
        1152921504606846976,
        32768,
        16777216,
        8796093022208,
        4503599627370496,
        128,
        65536,
        34359738368,
        0))))}]
