[data=broker::data{(BloomFilterVal, (
    (F, 7), (
        (1, 24, 2189751726407656273, 11671553309516616576),
        (16773853,
        262092,
        4611686018427387904,
        2305843009213693952,
        4,
        2,
        64,
        131072,
        32,
        2097152,
        512,
        33554432,
        536870912,
        1099511627776,
        17592186044416,
        281474976710656,
        1,
        4503599627370496,
        9223372036854775808,
        16,
        8,
        256,
        128,
        4096,
        8388608,
        2048,
        0))))}]
